0
42.64
40.17
0
41.92
39.43
48.13
62.11
46.12
49.56
54.84
58.08
46.36
48.59
66.64
64.68
85.68
58.97
81.6
80.21
63.45
78.05
69.04
69.66
78.31
59.41
75.49
72.44
45.94
47.98
60.17
49.53
52.17
57.83
57.09
61.13
65.11
74.71
63.83
79.42
72.31
58.74
59.64
51.97
61.6
105.39
83.83
65.67
85.11
50.57
65.07
67.33
79.85
89.64
87.94
44.09
64.16
68.48
59.09
51.18
46.09
91.85
47.02
54.59
84.37
67.96
0
37.89
83.66
57.64
58.62
40.75
49.12
18.68
33.89
60.67
18.59
100.71
105.65
64.32
49.4
49.76
57.67
46.2
44.1
59.87
88.81
77.85
94.92
73.68
61.01
332.16
50.99
44.94
0
23.3
341.79
70.14
90.17
49.45
46.64
60.48
53.99
49.55
55.28
81.49
50.82
73.5
66.64
57.33
53.57
62.18
64.33
70.33
67.11
82.79
52.87
50.17
81.35
75.48
67.89
85.11
78.33
93.49
56.44
52.1
57.61
52.58
123.65
80.38
50.84
68.68
55.45
44.94
66.24
49.75
55.15
56.67
39.21
0
0
56.27
41.47
80.25
45.19
28.59
54.09
47.21
50.25
83.48
0
49.89
61.71
48.06
39.5
56.69
63.18
87.03
65.34
78.01
109.73
114.72
116.07
125.1
88.42
71.47
116.58
88.66
68.5
64.06
83.47
64.09
84.86
58.84
61.17
69.79
76.77
79.46
58.13
68.56
60.06
60.19
66.75
51.32
60.32
60.9
62.18
89.12
74.38
58.46
103.07
90.96
63.41
59.08
86.53
48.83
65.35
73.56
59.5
60.8
53.95
62.58
51.87
53.81
53.03
59.78
49
39.15
64.95
122.84
51.29
43.06
62.39
52.1
45.71
52.62
0
40
0
83.07
65.69
37.85
67.94
52.25
55.26
45.63
60.5
60.63
65.36
57.04
63.97
132.22
100.39
65.35
75.53
77.43
70.94
69.42
78.81
61.73
81.75
108.18
110.34
53.57
50.36
50.41
101.76
55.95
60.76
54.92
66.94
71.59
63.84
90.96
104.94
60.32
102.25
58.8
57.39
86.53
70.04
75.99
94.22
121.91
69.64
98.93
64.42
77.21
85.41
69.52
86.2
111.44
55.62
81.33
93.73
36.08
45.07
53.56
43.62
69.64
117.58
0
0
0
0
0
0
0
0
0
0
0
0
0
0
0
0
0
0
0
329.73
80.13
82.56
87.63
86.33
96.31
60.65
89.38
115.88
109.43
187.89
151.75
130.75
90.04
0
24.96
126.95
88.54
72.6
57.48
73.88
52.09
61.58
88.88
54.9
73.25
112.23
184.07
56.25
56.12
64.48
104.2
127.52
65.64
91.22
62.96
49.85
94.12
73.52
68.49
52.12
86.31
53.46
65.26
65.12
66.17
69.42
53.94
117.37
45.92
80.63
63.01
53.15
45.4
62.02
98.74
48.37
0
43.26
54.04
37.87
24.63
78.19
48.25
0
29.47
0
54.14
75.68
47.46
42.95
44.5
36.17
63.18
60.76
106.39
70
63.8
63.52
62.11
71.68
60.73
66.59
83.74
53.99
70.29
62.95
80.43
79.19
43.81
54.71
56.41
71.03
53.1
71.23
57.12
69.38
67.14
69.98
63.76
52.02
84.81
79.69
67.72
69.6
73.28
62.3
61.27
63.81
53.88
104.46
60.29
55.1
79.44
69.11
56.97
62.95
44.81
74.44
56.11
49.82
55.88
51.38
32.14
0
0
41.39
67.34
0
24.79
38.8
66.79
51.03
89.17
45.45
0
35.33
0
0
61.76
61.96
39.27
51.22
42.78
50.7
40.39
63.42
85.79
74.48
141.3
197.96
199.17
122.65
81.54
70.12
72.36
76.72
52.53
69.63
65.51
59.12
100.44
47.83
56.29
61.55
75.46
51.82
59.36
55.14
166.6
71.24
80.48
55
75.9
64.18
59.91
84.61
65.09
96.96
58.27
61.96
68.63
51.47
80.41
59.21
99.08
66.41
65.7
59.01
99.24
64.66
39.51
70.76
47.57
93.97
74.75
38.85
0
65.43
36.9
0
0
104.14
65.25
65.5
48.61
54.75
52.39
0
0
44.86
21.35
43.23
56.63
34.33
89.19
29.64
83.02
55.28
64.6
97.3
98.64
91.96
79.57
94.51
120.26
54.53
76.31
73.35
55.98
64.12
56.6
64.7
54.74
61.51
52.68
47.15
70.91
65.56
54.7
95.19
56
91.49
52.42
54.43
59.02
76.39
63.53
89.77
75.5
71.77
110.92
109.46
109.12
104.96
70.25
77.16
81.6
79.39
114.78
59.82
58.86
66.9
61.41
56.24
39.31
58.73
41.1
101.36
54.79
49.58
38.4
24.46
196.21
51.36
31.58
58.17
0
38.73
46.97
66
64.55
52.35
49.31
59.52
46.67
39.84
36.37
23.06
77.4
74.66
91.73
79.57
94
82.92
123.38
215.36
86.85
65.98
52.55
88.27
74.62
76.87
62.77
48.13
76.95
43.47
64.37
107.41
55.04
97.36
62.09
69.23
49.91
68.59
55.41
71.56
90.56
51.73
87.2
80.88
95.17
82.45
100.75
93.05
59.87
53.74
79.15
68.27
77.83
92.33
47.38
63.72
58.83
65.05
47.58
58.5
61.15
0
51.69
53.31
46.36
43.6
0
73.26
0
37.37
0
46.19
50.42
46.31
42.75
40.91
43.64
0
29.14
24.68
135.54
44.85
49.97
44.26
55.89
64.15
56.91
84.17
88.32
82.51
78.57
92.61
78.45
0
0
128.23
57.92
74.15
57.06
70.13
55.26
48.53
72.98
76.18
52.36
53.79
76.32
66.93
58.97
51.04
88.28
55.34
52.39
68.47
64.47
71.22
81.97
86.08
82.88
81.44
87.66
76.33
81
83.44
75.26
76.05
113.94
62.02
75.3
61.62
71.36
68.37
55.68
57.5
60.88
70.23
49.68
44.38
41.58
38.79
48.12
73.58
0
98.16
149.58
30.45
70.47
30.91
42.26
43
59.77
398.58
51.87
44.87
74.71
41.71
59.76
60.58
68.89
49.6
84.08
72.5
160.99
90.35
69.62
94.34
64.21
78.08
62.84
71.8
82.64
68.57
52
66.06
64.1
58.81
67.3
75.09
64.13
64.45
71.25
101.94
83.58
93.37
62.68
73.95
96.1
94.28
95.37
73.84
110.5
103.91
98.37
99.6
45.56
89.91
85.98
62.78
65.86
66.33
106.41
204.22
53.24
70.42
47.21
36.99
63.08
44.39
54.49
0
0
128.28
0
46.57
58.6
46.42
0
73.5
41.58
68.66
58.08
92.44
44.88
46.25
95.58
39.85
45.56
50.6
44.54
54.22
80.87
55.07
63.88
125.36
71.31
85.16
85.03
107.5
142.5
159.62
112.69
127.53
68.97
53.77
76.51
60.51
68.82
43.13
52.42
59.57
57.41
62.4
58.6
73.69
53.22
28.68
28.91
18.39
26.06
0
218.94
187.52
120
67.16
77.81
63.32
70.99
66.47
64.9
52.72
69.52
55.83
76.38
132.33
66.39
0
71.86
95.87
174
80.48
55.42
54.47
53.36
71.89
0
62.54
51.84
37.54
63.61
39.76
51.09
34.56
54.73
53.3
60.16
65.49
0
56.39
47.35
35.76
52.23
51.54
34.9
71.22
68.74
65.37
70.68
68.48
61.4
75.39
61.36
75.77
63.94
92.49
103.42
45.15
75.87
43.39
58.61
82.75
61.32
80.06
55.11
54.57
54.4
63.14
88.13
80.34
49.59
74.21
44.94
70.65
65.82
55.77
85.5
69.37
48.24
63.41
61.82
68
73.92
55.3
89.87
57.86
45.49
52.83
41.31
41.98
77.51
90.89
47.82
51.73
76.68
42.1
0
51.88
40.82
57.4
0
0
46
83.5
53.57
18.17
53.42
0
0
68.62
0
56.42
54.85
44.39
58.2
49.16
77.31
107.51
112.47
74.75
149.23
101.7
57.66
55.76
89.58
90.88
64.51
76.68
60.22
61
50.48
52.9
54.17
47.65
51.37
55.92
60.27
42.33
66.48
64.52
74.11
47.13
55.32
47.56
53.45
81.44
65.41
64.34
70.07
74.75
84.7
53.08
57.27
58.22
44.27
50.52
76.55
53.34
53.18
48.46
51.16
58.06
46.41
62.22
47.5
46.73
66.39
34.13
0
0
0
0
75.84
41.72
54.75
45.26
58.38
42.11
54.59
42.43
46.31
82.48
58.23
54.84
52.61
49.41
48.3
45.85
82.62
64.38
156.36
93.36
85.72
77.5
85.54
150.15
91.74
117.87
89.86
56.11
60.51
62.15
51.73
47.1
64.68
60.6
65.9
56.69
62.3
75.22
108.92
60.72
93.56
78.4
54.94
62.88
70.06
64.11
65.86
74.88
85.5
82.55
64.73
49.33
60.17
69
68.13
97.66
59.85
79.31
52.35
62.22
46.97
37.7
52.26
65.49
50.41
57.07
33.75
51.65
0
68.18
63.87
73.79
50.79
69.34
59.17
57.21
0
70.6
44.09
55.62
78.31
47.17
64.42
37.42
41.81
52.53
72.27
70.32
64.97
61.73
82.31
194.43
130.39
75.22
72.89
104.43
84.78
79.92
64.8
61.37
49.72
47
45.87
53.6
55.05
93.49
66.05
77.52
55.79
70.4
58.94
66.18
61
79.88
58.06
55.19
57.05
57.66
78.68
56.33
71.71
64.92
50
70.3
72.75
51.33
62.06
57
67.07
51.57
71.38
44.06
45.99
61.57
51.5
56.41
63.87
41.31
69.33
51.5
0
59.85
63.12
0
53.8
62.98
54.77
57.09
126.95
70.09
56.33
47.3
0
122.34
46.25
50.9
37.01
39.93
92.95
50.94
57.36
64.43
100.18
100.32
92.03
61.15
147.29
105.16
72.73
87.92
91.69
68.5
88.62
77.92
57.55
53.13
49.64
60.85
58.22
60.71
102.2
65.57
56.12
62.73
70.58
77.6
105.86
77.3
51.82
60.51
78.6
123.56
75.47
66.01
61.83
58.91
72.18
73.69
78.76
66.93
78.66
63.98
53.02
55.62
47.82
61.1
37.87
51.27
53.55
0
40.81
42.71
44.16
185.37
0
43.96
0
77.75
56.19
48.29
64.87
47.39
77.19
83.15
21.12
54.68
32.85
94.87
45.8
67.39
52.77
48.52
51.92
55.42
65.1
98.71
77.32
79.57
83.75
101.41
53.31
49.07
72.74
49.61
71.72
51.75
63.47
62.7
77.03
58.81
80.24
64.5
61.86
72.76
94.08
72.17
79.33
57.31
114.05
71.13
52.23
59.64
81.95
67.65
184.12
93.71
104.31
94.7
93.41
157.57
79.55
68.69
58.06
71.2
65.45
89.18
51.44
94.22
44.76
181.6
42.72
64.68
41.38
59.61
67.44
30.13
0
43.02
0
46.37
0
60.69
46.62
46.23
30.8
75.95
48.44
78.09
43.75
49.31
46.41
62.93
44.46
84.71
69.3
66.27
75.33
56.51
75.58
80.08
139.14
73.75
58.75
0
0
0
0
40.01
83.35
77.75
59.29
69
59.04
72.69
45.55
103.31
59.51
62.17
54.94
57.99
68.31
56.18
57.01
96.29
57.03
76.52
61.97
61.32
53.61
77.25
64.74
62.37
81.84
56.55
52.31
51.2
62.03
54.45
79.95
24.93
50.56
51.67
0
47.94
27.88
62.54
83.96
0
0
45.16
69.24
10.6
63.48
0
0
0
54.01
163.96
59.96
106.84
21.76
38.96
68.73
57.84
51.54
43.46
49.38
54.84
46.93
57.57
60.67
60.13
101.41
66.78
76.77
66.65
41.3
51.33
28.51
71.78
57.68
46.1
61.82
54.25
56.15
56.93
78.01
54.17
72.62
57.8
51.96
41.88
45.56
66.48
48.88
53.23
69.71
74.81
70.34
59.97
62.2
84.34
56.16
64.76
66.21
51.45
46.43
71.59
56.67
59.07
54.06
50.4
43.72
37.46
36.26
58.83
45.3
69.54
57
0
0
39.71
0
68.02
48.71
99.16
175.99
41.52
81.71
75.01
70.32
48.2
45.3
42.16
74.27
42.14
53.03
58.71
57.87
58.74
75.65
159.07
121.2
62.88
70.19
92.74
86.56
94.44
58.61
60.54
66.25
81.77
48.72
68.51
49.92
58.95
44.56
46.52
61.71
75.43
43.81
57.29
63.99
79.49
65.81
97.5
0
0
0
0
0
0
28.21
60.45
73.78
49.47
63.68
54.86
50.37
63.83
49.7
64.04
47.7
68.46
0
41.83
49.23
101.46
0
40.56
47.39
29.12
68.73
40.96
0
74.76
47.65
0
57.28
45.63
45.11
115.76
43.71
50.85
0
49.6
49.9
74.51
52.18
80.32
63.17
65.44
53.71
128.41
71.42
0
83.79
67.32
65.4
90.39
62.69
92.87
60.43
66.34
64.16
49.19
52.34
67.53
57.21
56.36
65.06
64.81
45.07
60.47
66.68
63.18
70.81
81.21
64.88
61.75
66.64
71.27
73.09
84.9
47.73
60.82
54.47
69.92
143.53
90.93
68.98
53.86
66.5
76.86
60.98
68.07
59.84
60.03
64.99
67.14
34.22
56.82
0
118.02
44.88
0
0
0
80.78
0
48.53
58.41
144.44
58.95
62.64
66.22
59.56
47.22
39.55
49.54
69.68
100.77
72.75
70.26
71.95
0
124.74
81.96
80.57
75.38
69.02
50.77
68.11
51.48
54.73
40.32
42.07
67.4
39.47
68.96
63.54
90.4
66.89
56.98
79.82
54.86
52.12
86.62
64.87
81.11
67.63
69.18
77.57
52.84
50.22
57.93
65.06
88.31
67.04
106.24
186
54.15
51.17
60.36
77.9
36.94
51.13
42.83
57.77
56.05
81.53
31.67
60.62
78.82
84.49
0
22.54
87.04
44.18
42.87
36.36
59.28
38.32
127.11
99.75
53.47
103.03
114.41
46.82
50.06
51.72
42.93
71.68
49.72
62.08
49.61
82.07
59.86
51.26
85.51
88.02
87.39
79.93
67.48
85.33
68.5
70.79
105.77
39.81
55.5
68.59
47
49.34
68.15
53.32
63.84
67.24
70.17
58.06
80.74
54.08
65.68
51.9
61.13
122.97
77.45
69.3
63.8
63.71
57.01
103.6
82.95
70.51
57.63
60.21
49.04
60.85
71.59
48.66
59
66.3
76.22
55.33
73.51
0
39.03
0
46.43
0
31.03
0
74.66
50.3
48.38
0
0
58.56
103.08
55.7
111.54
52.97
64.81
51.66
40.71
57.45
47.15
56.73
49.98
68.61
71.27
76.43
73.24
64.51
59.51
51.07
61.55
74.46
44.31
63.96
51.28
47.39
63.37
49.31
59.54
81.63
61.09
67.12
64.4
94.66
53.84
53.36
58.49
72.72
75.01
68.82
74.09
67.22
88.11
66.72
102.19
79.07
97.47
102.33
91.8
46.15
73.06
62.62
52.81
0
77.98
79.03
66.65
50.3
23.49
43.16
63.37
200.19
94.47
0
49.13
37.38
64.83
56.21
59.58
72.28
35.51
74.41
0
40.22
0
79.53
57.69
58.69
142.86
0
56.08
33.66
57.82
64.16
67.37
84.12
71.19
124.48
120.45
101.36
53.31
18.97
16.73
0
145.55
0
0
140.09
41.81
43.64
58.31
55.36
55.55
58.68
68.71
68
46.45
50.35
59.28
50.1
80.61
92.93
48.67
70.15
62.04
72.78
51.08
67.61
37.94
96.29
59.3
73.72
67.11
73.64
54.88
49.81
43.57
77.75
38.27
33.31
48.65
59.2
0
33.59
50.63
39.54
53.6
44.46
0
0
59.78
0
0
0
0
0
35.58
48.73
0
41.72
54.64
54.2
38.3
63.56
45.9
62.69
40.31
46.18
85.97
73.93
89.45
65.47
91.29
93.43
0
0
0
0
54.04
65.25
56.85
88.17
78.58
38.73
62.46
69.28
80.16
51.67
0
58.52
59.91
50.66
0
0
43.89
52.93
77.02
105.94
47.59
84.46
84.86
49.09
51.72
69.28
54.63
105.13
43.04
43.06
48.18
55.53
46.4
69.85
49.48
60.26
52.2
34.12
71.63
0
0
0
53.58
0
0
0
441.45
0
0
0
54.04
70.33
48.7
24.53
49.78
48.76
57.82
111.77
48.24
39.23
72.96
69.63
104.14
99.86
69.56
98.71
88.14
67.32
71.61
69.82
60.73
45.54
51.99
70.16
67.51
79.46
68.71
74.74
61.38
123.6
94.17
60.52
60.92
59.78
49.12
61.23
63.37
61.7
60.68
61.16
64.41
60.57
52.91
75.17
62.68
64.88
48.1
37.34
91.32
93.54
92.63
101.78
59.34
71.09
72.73
0
54.63
0
30.24
36.41
35.7
41.91
74.84
36.28
0
0
60.51
0
94.5
63.56
0
27.96
45.75
71.89
67.33
0
62.4
42.56
72.51
59.68
46.51
66.39
54.91
42.36
61.13
75.16
59
110.4
97.98
76.25
56.25
52.53
60.52
75.75
66
57.84
59.77
57.58
54.54
50
62.67
119.29
63.33
62.96
57.43
40.87
37.39
78.02
51.15
75.59
72.5
73.91
56.62
62.46
51.37
67.77
62.7
51.65
0
53.43
59.28
63.11
69.33
56.9
67.21
71.7
35.38
41.32
0
30.86
41.91
32.96
32.81
42.14
0
44.6
41.98
0
0
0
0
89.72
51.91
195.29
0
43.34
66.13
0
44.62
48.3
0
34.4
44.49
75.18
64.24
67.77
95.47
77.38
97.89
61.62
74.55
60.12
60.47
54.04
51.28
60.58
62.13
52.67
65.45
49.2
59.12
63.07
41.83
0
0
0
18.94
178.55
70.82
59.4
47.58
58.84
49.57
52.23
52.38
65.75
66.48
35.39
61.01
61.72
72.25
59.82
66.33
33.85
58.27
38.68
60.05
72.7
60.22
0
47.71
57.72
0
0
46.05
0
0
0
21.38
0
0
0
40.71
43.7
51.31
79.74
0
44.33
56.1
67.36
55.83
36.23
40.41
41.4
48.21
56.65
47.7
56.81
61.15
67.35
80
88.96
82.85
71.41
54.28
57.72
65.34
60.59
36.44
59.92
65.99
64.56
92.15
51.5
53.36
71.52
68.9
54.83
52.79
84.43
59.58
48.86
83.89
68.96
42.44
63.04
60.84
53.87
63.77
52.18
81.77
59.08
77.81
39.67
60.33
54.53
53.69
67.04
68.69
71
57.84
100.16
0
38.42
52.54
48.55
0
59.51
67.67
55.61
41.57
43.11
0
59.55
57.01
89.43
0
0
50.08
55.53
21.52
39.66
42.2
57.7
65.33
39.52
40.73
68.11
54.57
52.64
65.33
74.57
77.09
18.54
108.95
84.76
59.98
46.52
66.58
21.49
55.21
59.64
43.49
53.2
73.51
50.36
55.28
83.74
45.23
58.49
52.95
86.21
63.43
61.46
44.18
89.96
71.48
73.29
77.05
73.97
66.07
64.95
78.37
62.13
97.82
62.37
65.3
89.82
58.56
69.37
45.69
45.39
71.72
54.7
53.41
58.72
54.02
76.98
50.81
0
0
0
50.76
60.97
32.64
0
57.48
0
57.27
43.82
59.03
256.92
41.01
45.77
53.79
38.48
32.66
52.73
55.38
85.35
74.86
61.08
61.3
108.61
72.87
78.27
146.33
81.98
68.54
164.49
54.53
60.42
56
63.06
56.74
66.74
71.06
54.56
43.61
56.24
64.81
52.7
58.75
44.22
52.22
58.25
111.43
52.01
34.11
60.52
73.74
0
54.46
82.15
38.16
55.19
38.31
76.17
42.93
78.39
81.54
44.05
49.51
40.67
0
97.8
67.17
59.18
46.08
0
57.88
45.36
49.14
58.48
59.45
0
42.16
0
30.37
38.93
74.78
34.58
31.2
34.31
0
51.44
45.59
43.45
34.68
37.7
45.71
61.24
59.92
71.88
42.92
60.75
67.26
74.48
63.69
57.86
51.38
54.22
51.1
54.86
47
45.98
47.65
48.34
56.99
40.93
45.73
59.34
66.59
31.95
49.59
67.01
39.85
32.9
51.92
57.47
53.74
67.95
51.36
52.66
57.59
43.74
57.33
48.48
45.79
59.45
67.28
93.78
46.64
61.75
39.75
45.52
74.11
52.07
39.43
66.94
66.82
0
0
0
71.41
56.74
287.6
19.74
0
0
125.27
70.41
0
0
17.74
0
25
52.06
48.14
133.11
61.08
46.76
48.8
58.48
38.07
54.85
51.08
65.83
87.64
59.64
51.18
49.35
75.59
60.45
66.71
38.84
72.09
58.84
48.46
56.71
47.35
65.18
71.64
46.7
58.31
50.16
58.88
55.65
57.66
65.53
58.48
60.8
44.06
43.88
55.61
87.87
52.13
79.07
64.95
84.49
44.73
63.53
55.98
0
42.61
42.82
0
53.06
43.58
55.88
0
0
75.08
38.77
44.23
43.31
0
48.22
32.09
0
51.76
0
0
39.66
44.81
66.43
0
29.68
58.42
48.58
37.52
53.84
33.19
75.15
30.01
47.14
62.99
47.7
73.3
80
50.02
56.07
60.73
50.92
53.92
81.37
115.82
75.41
53.29
48.31
43.59
46.54
58.88
56.94
45.94
68.88
46.93
70.56
87.91
69.76
52.78
39.86
55.02
53.6
41.44
59
55.54
72.32
80.28
43.04
65.14
52.85
45.38
59.61
49.41
60.48
43.09
0
37.18
48.23
40.48
41.81
78.61
0
147.95
0
0
0
47.08
0
40.31
23.27
20.21
0
41.25
51.6
43.9
58.66
62.13
0
20.32
49.73
60.84
0
50.01
46
42.11
55.7
46.95
79.73
58.66
66.43
64.7
59.1
60.37
54.89
49.57
44.32
56.45
39.48
0
63.28
42.14
60.6
38.76
35.11
62.99
59.38
46.31
49.92
71.95
67.5
50.7
66.11
53.15
43.74
50.79
102.18
52.17
61.28
39.79
48.75
51.65
125.86
50.66
49.45
59.28
53.73
36.32
58.7
45.78
42.1
65.79
37.75
68.35
52.31
0
35.59
0
0
0
0
77.23
0
0
0
0
46.07
0
77.29
55.77
37.45
48.13
49.47
38.8
48.45
54.36
45.82
50.87
57.43
45.16
71.53
66.15
97.77
60.55
54.81
55.76
49.82
55.95
46.79
51.62
74.6
55.71
35.62
78.46
50.72
59.32
80.61
50.29
63.72
60.64
67.12
59.96
55.62
50.7
52.36
45.63
49.58
57.47
67.38
53.41
54.68
48.62
64.41
58.75
68.25
47.7
42.34
45.55
58.59
49.55
61.48
52.76
49.66
42.05
45.05
43.17
0
51.65
29.17
0
41.76
72.24
47.25
36.45
0
332.96
0
0
100.85
46.02
62.77
35.17
49.16
64.17
0
0
54.56
35.1
0
38.73
61.94
41.43
60.67
56.51
85.31
56.43
62.13
64.02
48.05
48.17
37.73
107.46
42.28
50.93
38.25
59.71
46.71
58.99
44.82
43.8
46.64
56.29
61.17
54.2
47.76
69.69
37.96
71.54
53.53
90.02
111.08
50.98
65.86
42.35
63.72
65.3
73.24
48.05
51.85
64.01
44.94
50.1
110.88
53.15
53.95
69.1
53.5
54.14
68.97
49.4
54.33
0
40.09
0
69.61
66.27
31.69
79.14
0
0
0
20.84
51.34
30.15
50.28
0
75.36
49.61
45.33
0
15.63
61.77
44.66
43.3
60.76
88.98
61.81
137.77
65.18
62.72
83.69
45.8
70.94
65.38
45.89
59.95
88.99
59.55
66.64
60.95
50.96
49.21
60.76
66.68
58.89
49.76
55.7
49.24
65.05
54.88
60.92
44.77
62.84
65.66
65.44
56.7
54.89
74.42
52.36
43.98
47.1
70.52
46.13
27.57
63.33
95.44
52.04
0
48.78
45.39
34.75
21.54
0
15.49
0
38.68
0
0
41.03
0
0
37.98
0
62.72
64.27
31.73
0
0
0
0
0
18.7
47.46
74.76
0
55.5
53.8
99.49
48.31
57.66
62.75
104.03
275.22
61.93
49.16
42.91
63.16
53.37
57.54
32.93
80.01
45.57
58.49
57.18
58.05
51.38
144.81
73.08
48.16
79.97
51.47
51.11
115.42
61.24
69.35
52.2
67.91
0
69.39
66.57
50.7
62.3
61.55
0
47.33
65.42
18.48
33.29
106.64
0
41.23
0
0
37.83
48.57
55.6
93.92
0
49.17
0
0
0
0
46.27
97.77
0
88.1
0
39.47
0
39.82
42.67
42.4
53.94
61.45
29.06
77.26
64.09
98.64
121.42
141.33
228.31
150.39
132.9
303
138.23
179.08
291.36
48.42
93.95
192.78
332
123.65
226.97
179.83
124.73
82.95
52.34
48.3
71.09
65.42
59.43
71.37
78.37
58.64
48.09
59.25
24.28
53.93
68.2
80.56
76.47
114.14
302.95
93.53
63.09
52.33
81.23
74
35.63
62.16
129.06
46.28
23.59
75.74
44.77
42.62
122.8
242.43
80.61
0
0
0
0
0
0
0
0
0
148.36
0
22.9
0
45.01
40.78
0
38.03
40.01
86.8
75.09
88.13
115.74
76.74
70.11
61.5
67.76
76.19
45.17
62.5
53.95
44.22
44.77
59.28
24.21
45.68
56.02
67.35
77.17
66.82
51.3
78.97
46.51
64.17
74.48
84.73
84.26
39.57
84.96
65.28
81.73
46.23
43.56
75.82
49.65
88.02
49.73
49.89
49.38
62.03
68.02
45.48
0
66.57
54.03
0
0
43.09
55.97
55.66
50.12
0
55.92
0
0
0
0
49.5
0
75.71
47.81
39.01
39.37
42.66
0
51.64
50.65
45.76
49.38
54.83
72.23
65.81
63.92
101.65
85.46
122.44
173.13
64.17
223.65
122.47
64.17
44.38
63.8
63.61
43.44
38.13
43.4
54.75
61.01
43.3
76.29
60.19
54.57
49.83
0
67.75
47.32
48.92
78.99
70.58
52.6
61.78
58.82
50.75
211.03
53.63
48.83
61.87
67.7
64.95
42.25
0
42.24
62.82
62.92
50.22
46.92
47.72
0
48.52
0
0
80.13
63.77
42.65
31.47
49.83
0
0
0
0
40.42
0
38.84
59.94
53.85
34.1
46.34
46.47
46.3
79.8
48.19
67.22
78.17
102.51
56.77
65.81
109.01
125.49
64.5
88.63
57.18
45.73
65.46
48.66
50.58
42.77
48.28
82.61
88.89
52.02
55.85
64.41
50.27
48.76
63.94
51.66
45.77
57.28
61.56
53.89
65.25
38.8
51.51
59.3
72.74
44.53
46.61
40.8
83.42
52.86
49.97
72.45
28
57.47
48.67
44.33
48.11
51.66
0
58.14
0
35.4
0
76.96
0
49.34
0
0
0
73.45
0
0
49.75
0
0
171
31.35
66.69
39.26
42.62
42.01
77.75
55.69
64.6
55.77
81.19
80.47
76.28
114.32
89.9
94.45
78.88
114.13
67.78
91.84
62.63
47.81
41.88
42.67
31.52
55.18
58.66
67.64
62.79
112.73
167.28
51.15
37.23
48.59
73.89
49.24
57.81
68.87
52.28
100.4
87.2
66.14
72.82
32.18
58.15
97.01
55.31
0
113.79
58.82
74.72
69.38
0
106.95
59.2
0
0
0
0
108.54
65.76
0
111.07
0
0
0
0
0
134.92
0
44.6
0
191.4
308.42
39.23
35.8
50.44
32.71
45.85
59.82
80.15
70.96
67.49
63.86
72.88
62.61
75.29
71.54
100.29
84.75
192.97
86.56
45.09
54.13
68.64
62.14
61.31
41.48
32.89
74.99
63.12
74.25
63.55
42.79
58.03
46.87
434.52
66.52
72.86
47.78
35.48
52.53
55.87
48.22
55.88
59.82
53.44
0
54.31
45.68
20.08
47.23
78.62
0
56.28
35.51
0
32.51
54.31
77.77
55.78
45.21
0
0
0
0
47.41
0
52.1
0
0
0
59.4
0
0
0
0
37.41
54.44
50.83
0
68.13
72.63
53.37
56.03
33.34
74.38
56.8
57.57
59.02
60.81
58.45
113.08
73.25
123.53
62.08
52.04
86.56
48.64
66.12
31.47
61.52
112.02
49.07
54.05
49.45
106.05
59.86
51.56
92.27
35.5
53.52
21.97
61.15
41.29
21.45
41.5
62.71
100.21
41.67
66.72
56.7
79.82
53.12
54.65
16.79
93.1
46.45
55.04
0
34.55
44.34
21.45
0
0
0
0
0
0
0
0
50.98
0
0
0
206.12
0
0
0
0
864.52
50.3
41.7
55.37
50.49
42.76
41.47
54.82
54.2
55.09
130.06
54.64
40.5
0
80.94
53.5
64.07
43.54
112.17
42.61
38.72
88.38
48.44
17.59
57.13
49.81
20.84
93.94
56.97
36.37
49.03
63.3
40.82
61.48
37.64
64.58
52.53
44.02
51.6
87.22
54.19
50.86
55.05
36.47
94.48
53.7
52.38
0
49
72.88
0
52.13
47.19
52.83
0
0
58.17
0
0
0
36.29
0
0
0
0
0
0
0
63.86
34.68
0
0
0
52.05
48.21
57.18
74.89
0
61.34
41.67
46.91
60.75
53.77
59.53
78.64
61.81
46.93
51.79
45.25
61.94
48.42
0
44.09
42.11
18.36
44.23
44.5
64.73
59.58
109.12
61.04
59.38
56.35
56.22
75.58
42.77
75.19
50.55
76.22
30.38
37.08
44.97
51.71
67.2
66.4
44.92
56.5
56.11
62.12
18.43
0
46.86
51.22
83.28
61.13
41.9
98.45
37.82
64.77
49.71
39.94
0
58.79
41.37
69.04
72.05
0
0
62.57
0
57.2
53.05
0
0
64.48
0
57.09
17.18
66.75
59.27
60.75
105.39
73.95
61.9
54.6
63.37
59.51
64.9
67.39
47.56
65.02
59.83
76.2
39.8
43.48
59.89
56.97
64.9
53.64
86.81
110.18
112.51
95.59
87.64
92.12
65.34
95.25
68.49
92.1
79.19
99.75
125.74
69.55
53.07
56.48
52.54
62.37
56.08
38.44
68.74
49.09
70.8
63.45
56.32
166.91
0
132.56
45.16
33.29
54.98
54.11
24.09
0
31.68
0
59.11
15.94
35.5
57.19
45.35
57.99
72.13
40.91
0
55.56
82.33
59.41
38.54
42.95
31.68
62.88
48.82
60.49
83.23
52.45
73.21
66.09
74.6
62.96
72.67
66.26
119.84
68.55
85.93
59.82
57.14
90.87
84.08
60.52
46.32
56.3
71.54
78.79
76.13
103.6
65.96
101.53
70.43
69.24
100.44
124.25
85.01
102.35
84.39
79.17
60.15
84.82
79.88
60.57
47.19
84.19
108.63
115.94
0
74.06
52.38
28.11
49.36
124.07
44.71
51
0
71.72
45.92
0
78.16
0
0
51.2
97.48
43.74
0
0
0
50.54
38.88
94.27
30.45
50.66
41.73
49.03
48.32
41.94
56.7
98.66
91.14
65.45
65.48
98.68
60.71
90.12
72.95
69.83
84.14
60.33
90.95
74.77
50.25
61.04
52.35
72.59
85.77
55.85
64.52
75.18
71.69
59.32
76.68
73.34
90.17
85.93
71.04
57.84
36.3
85.76
61.58
61.3
52.03
59.51
66.18
76.37
59.39
45.88
57.45
55.89
39.41
72.37
92.76
65
521.07
113.59
49.57
33.2
48.99
62.17
43.54
88.55
48.58
155.8
51.6
0
0
0
0
0
0
64.65
0
56.87
0
48.07
35.47
55.59
82.88
88.92
49.7
40.51
102.38
67.52
74.92
91.58
86.04
113.27
87.99
86.21
60.53
72.46
85.15
70.82
42.88
58.6
68.72
80
76.11
96.51
83.06
74.64
105.17
59.81
116.48
116.95
81.81
87.67
65.92
55.91
81.39
77.43
85.07
99.03
70.23
63.15
128.73
64.98
71.61
88.3
43.91
96.79
67.8
74.82
50.81
48.91
61.27
109.77
48.69
28.99
64.31
35.9
92.49
67.9
34.46
0
51.65
0
71.31
50.99
74.91
58.74
0
70.23
0
161.18
60.17
60.29
70.94
63.36
0
46.7
81.42
69.37
109.68
79.07
76.61
90.98
75.44
65.55
68.39
82.41
97.48
87.57
76.82
55.54
72.51
65.24
93.26
91.31
76.56
66.54
81.32
91.26
107.42
131.59
104.69
94.48
63.86
89.81
79.61
100.09
93.53
66.87
87.23
73.82
84.32
78.68
53.95
98.66
84.6
52.75
61.69
50.09
55.55
58.47
50.58
53.74
53.39
66.12
56.19
70.07
0
45
28.3
41.08
38.56
63.9
57.4
0
0
53.92
51.39
200.21
0
0
53.6
48.47
47.38
72.58
63.2
41.04
72.09
56.53
57.17
45.73
71.83
113.81
81.77
73.35
104.02
76.5
104.84
67.77
68.97
70.07
63.12
55.47
67.23
60.77
68.18
82.93
60.86
108.26
76.7
57.19
73.52
84.33
76.32
70.69
64.75
91.73
75.51
59.61
68.16
88.92
77.73
61.61
66.56
58.57
102.76
61.35
59.24
95.46
64.39
72.34
76.26
56.35
46.38
63.41
31.5
65.39
52.93
56.96
0
34.13
0
56.14
0
0
0
0
109.54
48.32
116.36
46.97
46.78
48.7
59.18
0
57.3
96.5
51.63
46.57
75.59
55.45
53.82
69.86
73.05
74.19
53.86
76.81
64.56
101.4
70.11
92.54
63.44
57.98
66.01
61.93
55.06
54.62
53.47
69.62
72.05
58.88
63.84
102.47
83.51
67.49
72.3
77.62
77.07
56.13
91.48
73.34
82.84
54.44
70.16
77.49
73.69
63.7
52.7
80.13
64.45
71.03
79.7
51.55
75.36
79.54
69.68
80.93
72.44
81.13
88.94
49.52
53.8
0
35.08
47.01
53.59
0
60.8
0
85.91
50.77
45.99
52.39
0
56.09
63.93
53.3
65.79
60.89
414.84
47
69.52
67.45
75.1
52.62
64.9
63.35
62.07
68.27
61.7
59.49
64
68.3
85.26
66.87
90.05
95.78
60.35
73.34
68.27
65.78
74.54
82.16
65.79
85.95
95.51
97.82
99.45
67.75
76.74
111.4
82.43
87.11
106.52
75.99
68.17
81.59
57.67
68.51
113.57
88.16
82.07
63.16
74.04
79.33
69.27
84.3
68.78
59.41
82.71
85.72
116.34
50.1
281.72
92.26
0
46.24
41.43
37.23
0
56.68
66.15
0
28.79
0
55.64
0
0
46.45
57.28
38.84
74.8
47.64
47.1
91.12
79.56
90.82
120.59
97.49
176.87
132.68
164.51
105.71
170.96
99.03
73.49
99.03
99.95
88.13
296.17
87.3
85.39
58.81
60.48
68.87
69.12
94.12
89.57
96.9
66.39
91.45
82.59
54.44
72.52
69.57
56.84
72.8
87.97
113.34
60.37
60.5
62.02
85.62
83.61
54.43
42.39
84.77
63.22
56.99
56.44
43.64
93.61
42.77
66.36
0
0
0
0
44.28
0
83.19
88.72
0
0
0
0
45.02
45.62
89.9
127.73
0
0
45.51
46.43
53.53
0
67.77
58.62
66.37
58.99
55.88
61.95
87.17
73.97
71.71
71.05
117.84
132.61
74.05
56.99
48.34
67.85
92.5
70.32
57.57
63.16
78.28
64.67
67.73
83.92
82.72
79.33
66.86
55.3
79.79
80.28
118.5
56.29
76.81
59.54
60.83
57.41
53.59
113.27
79.22
64.77
70.79
48.57
64.44
53.53
109.55
64.37
66.56
89.87
61.88
55.21
71.1
46.61
79.22
50.72
51.7
0
59.11
50.12
0
47.56
45.44
0
50.05
0
44.36
51.19
48.4
104.65
47.06
71.34
0
103.71
36.43
91.64
43.68
61.8
64.92
67.52
76.63
102.03
67.75
72.98
82.26
75.95
67.67
66.17
79.61
69.16
86.95
54.79
69.89
65.39
89.56
86.03
89.86
76.17
64.94
83.92
74.11
74.73
88.36
80.81
62.3
86.76
63.42
62.57
60.64
64.17
79.91
63.73
61.59
67.06
48.88
51.56
56.17
124.98
63.55
45.34
53.09
65.49
66.95
52.63
46.45
0
35.9
53.2
53.83
57.65
113.41
0
0
41.27
43.39
52.99
95.96
57.77
88.03
0
57.32
56.3
38.4
56.88
60.3
91.28
50.3
67.65
51.47
79.54
64.33
55.8
66.17
71.92
65.83
58.52
61.12
82.83
66.5
64.65
92.28
52.85
50.86
74.15
54.87
69.53
69.33
60.4
67.04
70.12
69.3
68.49
68.64
118.74
68.73
81.24
70.27
53.89
66.41
68.2
58.45
52.49
62.36
51.47
65.91
53.79
72.85
54.45
38.71
24.94
62.07
62.26
61.7
65.38
82.82
67.14
65.62
49.39
100.19
52.63
0
0
45.61
0
47.98
135.99
60.45
43.39
41.66
47.5
67.16
89.31
0
98.97
15.57
63.53
44.12
76.98
68.74
61.69
68.58
61.77
102.49
61.68
76.21
66.97
69.78
141.19
130.22
121.49
67.63
63.53
57.95
56.24
76.94
66.7
59.57
58
64.92
61.03
50.65
57.77
77.95
67.13
74.2
69.52
73.91
97.09
84.96
63.53
63.54
64.11
58.54
54.96
78.85
124.5
61.51
67.09
68.22
53.81
55.04
49.42
56.29
44.63
100.9
71.01
84.1
50.42
45.93
0
71.36
0
54.33
0
50.91
58.85
0
75.64
0
44.1
46.01
75.46
43.53
60.94
47.32
0
46.97
48.02
0
93.19
52.35
62
57.02
64.3
58.94
70.15
77.05
83.06
70.83
85.52
67.88
50.28
83.3
74.32
78.34
70.58
70.95
75.39
67.45
111.44
82.26
65.18
60.19
51.95
87.83
57.14
72.09
69.3
74.42
93.9
70.52
65.65
59.27
60.11
77.01
64.21
62.39
61.81
41.63
90.01
54.54
59.38
52.5
100.59
66.05
53
47.39
48.31
41.51
61.71
55.76
46.09
57.16
38.55
32.67
102.17
0
43.52
46.13
53.16
46.53
52.12
40.48
38
67.05
26.08
50.27
48.78
74.12
50.68
59.69
54.68
49.19
61.19
123.57
59.09
55.45
66.75
64.25
108.22
61.66
94.26
72.12
56.87
71.8
56.22
46.46
61.84
56.98
45.97
72.75
75.13
58.73
62.56
74.63
52.59
81.38
47.04
138.96
80.58
78.8
65.03
78.4
69.95
56.71
70.97
78.48
56.71
66.62
48.63
69.15
66.8
76.18
59.83
48.88
52.01
66.5
54.56
51.46
83.8
41.01
0
77.45
49.85
73.1
50.52
37.02
55.72
0
53.88
66.6
59.75
0
0
35.83
0
33.81
46.2
68.22
53.7
41.51
46.87
59.31
52.04
38.01
45.05
57.92
52.78
68.53
71.83
65.26
66.88
75.39
48.42
82.11
58.36
45.22
53.16
42.43
118.7
53.33
65.52
49.95
77.38
54.16
59.62
49.73
68.34
72.29
53.91
69.15
82.56
50.47
80.98
100.72
60.87
74.19
47.05
89.46
61.37
73.63
64.92
59.81
51.03
40.87
61.92
75.56
69.17
50.04
41.26
49.91
67.69
37.71
71.45
41.41
39.83
68.44
57.99
0
54.69
0
56.53
47.88
39.02
70.01
41.14
50.81
49.42
51.77
24.31
53.56
46.68
41.64
53.61
59.24
50.53
51.25
68.83
82.8
71.67
69.99
63.91
86.29
73.52
76.72
81.83
62.98
53.4
65.87
59
64.38
61.8
78.26
56.3
55.41
76.57
56.53
60.06
65
58.81
88.91
82.17
64.42
75
68.95
104.17
91.04
92.98
74.58
88
85.46
55.16
64.95
55.65
72.52
84.57
66.65
61.07
54.35
76.6
69.63
67.67
49.59
63.32
58.61
45.06
61.62
43.87
45.39
42.02
48.02
37.9
0
41.96
55.23
62.62
0
0
60.61
37.01
44.87
40.9
69.24
55.18
74.47
84.26
65.37
56.85
65.54
50.85
67.46
62.41
66.84
60.53
66.74
86.92
75.89
147.38
88.36
70.66
66.73
96.5
75.98
76.64
76.6
52.7
68.98
64.79
110.71
61.83
64.02
96.47
91.75
72.57
96.84
77.25
77.31
99.72
77.64
67.91
78.42
77.52
64.73
0
0
207.08
12.53
74.66
60.31
66.85
52
46.94
41.71
61.07
57.16
53.43
42.71
53
51.47
45.36
68.45
35.52
57.89
52.17
48.75
48.73
65.57
48.85
56.18
0
0
82.23
45.14
0
113.73
48.7
53.6
0
35.74
37.7
162.79
47.48
65.89
56.16
52.72
73.42
74.7
99.63
111.73
84
84.51
99.86
72.73
75.05
135.89
76.32
68.03
70.36
63.62
74.07
89.5
82.4
68.85
102.51
84.5
87.49
73.13
62.86
65.82
65.4
59.51
85.78
66.09
56.52
75.71
60.7
70.81
57.59
71.7
70.42
54.89
54.36
42.8
61.29
53.27
64.83
53.78
53.8
48.5
57.61
0
0
93.78
105.57
59.27
0
0
33.27
48.23
43.45
43.39
64.55
45.31
41.55
40.53
52.18
71.52
46.12
53.5
73.13
49.35
55.6
72.58
60.91
60.54
65.68
99.71
118.74
108.1
112.43
118.77
61.56
95.68
75.72
47.31
53.34
53.41
73.81
69.86
68.96
50.36
54.09
78.28
63.49
51.27
80.04
83.22
63.7
58.88
54.33
65.47
60.94
67.63
59.77
67.04
56.25
71.27
68.98
131.77
73.57
107.5
76.02
58.02
57.48
78.67
62.02
48.15
50.77
64.32
58.26
42.18
48.91
65.66
0
0
44.65
48.21
66.62
47.11
43.94
0
34.16
0
38.66
21.54
0
38.86
66.93
76.85
44.46
54.34
0
44.23
0
57.25
76.94
63.41
60.54
85.51
102.5
81.75
72.47
68.74
76.25
75.33
52.68
67.18
63.22
54.88
111.4
55.66
51.09
58.27
174.24
67.81
65.99
64.88
41.56
56.23
64.58
50.21
68.7
95.24
109.61
228.34
72.16
51.75
62.59
56.45
101.11
71.33
48.19
72.46
65.33
63.62
61.8
55.53
60.86
57.3
63.5
46.73
58.46
58.94
41.22
0
43.39
0
0
81.26
220.06
42
0
0
34.52
51.24
44.7
51.29
86.72
46.69
54.58
73.47
34.79
56.39
57.65
46.83
56.36
51.61
47.5
75.28
65.2
72.32
75.79
58.42
70.54
65.34
69.52
59.16
69.25
59.79
61.69
58.71
54.17
63.83
43.62
170.04
68.81
74.85
59.24
63.88
66.03
53.67
54
81.56
52.69
70.76
70.11
85.11
64.11
103.03
80.1
118.64
66.99
81.9
73.6
99.71
119.49
75.28
89.59
49.87
62.32
80.95
65.65
59.81
45.76
41.77
32.58
48.76
0
0
64.85
44.56
198.4
95.55
56.02
92.59
0
0
41
52.98
35.78
59.08
41.87
58.86
51.81
48.93
51.7
64.93
45.46
63.76
51.28
56.83
63.03
73.07
141.82
129.67
90.4
66.93
74.33
80.7
76.97
58.1
57.12
62.5
51.22
75.24
85.82
54.3
76.45
62.28
57.68
83.33
66.81
66.48
67.8
97.1
58.38
78.89
39.48
64.73
79.41
59.8
69.24
65.5
44.39
67.33
72.75
63.19
65.67
61.92
101.95
56.38
63.2
62.54
78.34
81.48
50.49
50.63
45.36
43.51
74.62
46.18
40.56
63.99
66.13
54.09
58.13
100.75
52.65
49.08
44.12
61.31
47.59
55.89
44.18
47.72
75.15
41.13
47.88
47.53
34.38
55.16
59.17
70.2
54.63
70.9
101.35
85.54
66.62
62.27
88.5
71.5
94.81
59.35
58.97
45.85
45.84
90.18
133.25
90.94
66.56
81.34
82.42
142.48
129.28
80.79
77.92
89.11
77.3
84.52
150.35
115.09
165.96
99.21
69.75
90.67
70.7
106.97
66.97
76.24
75.13
69.99
62.74
80.3
55.64
73.6
79.04
61
77.82
65.39
61.32
48.85
75.34
46.06
61.92
66.63
43.84
71.34
56.38
52.66
48.19
62.25
62.55
135.68
54.98
39.49
48.03
41.99
50.33
61.59
59.95
74.66
70.1
64.48
79.77
70.27
63.87
53.31
56.9
56.31
79.62
73.71
61.37
60.79
58.54
61.61
69.29
52.9
59.26
54.84
55.6
54.74
51.32
60.5
57.62
60.81
63.33
48.87
58.66
51.17
71.13
57.64
58.21
56.73
45.36
52.74
63.68
68.36
54.52
46.25
47.25
63.57
56.61
44.38
44.01
55.24
63.96
39.43
50.06
43.94
50.32
40.12
39.33
45.47
35.16
35.27
43.77
20.17
0
0
0
0
0
57.31
49.41
27.64
41.38
0
27.7
42.5
42.02
29.48
39.6
39.04
125.86
52.99
42.41
49.28
55.47
44.11
63.67
69.04
54.64
55.64
54.37
43.27
0
102.04
46.63
46.99
52.15
41.54
58.58
48.42
52.33
50.77
58.16
52.53
47.77
53.44
56.62
54.48
54.8
65.48
44.82
45.26
47.12
47.77
47.08
60.25
53.31
48.31
44.4
73.75
51.58
52.16
52.91
57.15
43.95
46.78
48.18
38.75
55.76
79.06
59.22
30.86
115.9
44.7
78.88
39.25
38.1
32.67
56.16
0
36.95
39.48
87.32
40.33
71.94
50.2
49.65
46.26
60.45
44.44
103.23
35.51
54.49
48.79
58.9
49.87
49.35
45.33
49.8
54.35
20.07
19.49
40.23
0
105.79
0
115.11
61.07
38.2
60.21
45
47.37
59.65
51.26
60
52.7
45.72
52.3
49.34
43.21
60.53
81.76
60.56
51.46
63.47
44.66
67.93
49.75
44.69
44.99
37.97
53.25
40.16
50.89
47.62
52.26
72.44
41.2
60.13
40.15
49.34
40.74
0
0
35.34
54.57
0
39.82
60.68
0
0
49.45
0
44.79
0
37.81
35.56
85.81
129.94
71.33
40.72
39.17
42.2
72.51
44.88
49.28
48.98
66.33
47.28
45.58
53.03
53.26
47.87
63.87
63.13
50.46
64.56
53.66
68.29
71.78
48.54
57.02
48.77
51.15
49.97
50.14
45.47
53.68
52.9
58.82
63.23
57.29
50.72
68.32
63.96
68.37
65.45
60.55
63.78
66.12
73.7
58.92
52.42
52.42
60.91
62.02
63.04
54.21
60.03
45.23
50.03
42.76
39.37
50.22
42.16
83.67
49.84
60.27
45.42
0
32.58
40.5
0
62.51
85.63
47.7
45.75
25.95
48.53
41.02
0
58.55
50.58
45.27
31.29
40.65
48.34
42.72
45.89
51.41
45.3
79.84
54.5
52.98
52.44
52.22
61.11
49.39
69.28
49.41
53.6
59.31
55.32
69.27
53.94
54.62
50.21
54.03
54.9
65.59
55.46
58.7
63.34
71.7
62.65
63.63
75.49
74.27
71.44
61.31
64.87
73.39
69.79
48.57
63.5
61.91
51.96
71.23
63.51
65.12
78.95
63.05
78.31
44.74
36.27
54.22
128.96
36.86
28.78
42.86
49.16
19.32
36.04
75.48
29.06
38.8
45.2
0
51.82
51.22
60.03
72.97
59.8
37.58
43.95
47.86
25.65
47.36
56.87
39.57
50.47
65.84
50.29
48.55
65.96
59.72
57.64
56.33
60.73
56.29
45.44
46.9
49.27
50.8
72.52
53.77
53.41
58.48
60.89
67.37
52.35
60.96
86.02
63.04
75.29
71.21
64.43
63.44
75.86
62.08
69.34
59.4
75.83
71.19
62.1
72.96
59.65
69.11
70.69
56.25
60.18
58.73
55.98
50.9
47.69
44.03
50.68
75.47
33.38
38.98
33.13
40.41
47.12
36.25
48.48
44.37
27.21
37.9
37.21
0
0
47.81
59.02
239.63
35.73
55.41
40.68
45.48
45.19
36.61
54.74
41.9
43.99
52.68
46.83
53.7
51.68
51.59
44.28
54.48
59.64
48.31
39.23
52.5
59.74
54.56
44.42
64.08
69.53
52.87
45.19
52.81
68.03
56.21
49.21
69.95
54.75
72.12
60.16
48.61
58.63
56.98
53.62
56.2
54.06
61.83
55.61
56.88
76.45
64.15
67.36
89.91
69.48
67.85
61.48
51.34
56.63
55.5
68.55
56.75
62.97
60.87
65.07
75.01
52.73
0
45.63
85.88
0
71.66
45.08
54.18
0
45.58
67.7
65.75
62.4
145.53
57.46
58.06
38.55
44.86
42.08
38.73
56.85
64.1
60.33
77.62
61.65
60.65
70.8
74.24
56.44
50.53
66.75
61.77
49.75
51.44
64.14
54.43
78.69
52.93
88.19
68.71
84.46
101.95
64.23
51.71
162.05
72.02
60.01
51.2
62.28
62.6
62.29
72.66
74.88
54.63
55.04
66.33
52.61
105.87
59.53
52.78
57.09
53.94
67.91
63.2
51.1
41.34
39.41
0
60.01
0
35.44
45.73
0
74.94
49.21
46.41
0
0
56.8
53.64
53.38
42.03
44.03
0
60.48
44.83
53.87
61.16
41.5
62.44
47.68
61.75
45.26
49.58
67.8
81.71
77.26
63.36
93.29
64.13
71.04
55.47
54.12
50.82
58.81
54.47
60.17
64.09
62.31
71.88
56.43
54.37
73.33
65.39
58.78
84.46
105.47
87.18
60.42
67.42
64.52
78.48
62.56
73.5
56.47
51.42
74.07
64.37
51.35
69.44
66.94
49.82
68.83
51.73
0
110.52
56.01
71.81
45.33
64.5
165.47
37.23
50.95
33.85
44
40.09
33.41
30.85
46.84
0
0
0
0
0
57.03
0
47.5
0
48.83
46.34
67.08
37.92
53.98
47.92
98.15
76.81
74.32
70.07
84.16
75.17
72.47
85.22
71.92
61.54
68.76
71.16
73.97
59.85
62.44
58.38
61
52.43
65.02
72.17
80.69
56.6
82.05
98.81
65.15
140.84
77.25
68.51
54.93
84.15
74.51
57.42
62.21
80.93
69.77
55.78
75.72
50.89
74.01
55.51
46.9
53.08
61.16
73.68
58.82
52.59
44.76
86.25
42.3
36.42
0
52.28
37.07
43.11
52.19
48.26
0
0
52.36
0
0
0
53.4
38.38
53.69
43.1
64.4
38.12
41.32
44.41
32.56
63.51
65.71
60.31
50.97
68.09
75.02
75
69.75
55.28
70.26
58.42
59.5
60.05
64.18
59.6
72.78
62.17
67.42
68.5
54.59
67.37
61.31
63.76
70.16
68.56
72.36
61.45
80.86
66.97
85.57
65.04
80.21
65
67
48.92
121.45
60.58
75.46
66.14
77.23
88.02
53.83
53.53
55.27
60.86
74.66
54.76
48.85
58.21
70.13
58.95
50.05
53.89
69.38
44.73
42.67
49.09
0
35.75
57.34
98.93
0
89.47
60.73
41.58
42.86
38.94
65.27
44.44
58.03
49.68
45.53
69.16
52.01
58.42
63.15
86.16
83.28
90.04
67.48
69.26
65.32
94.91
58.6
68.38
59.01
69.19
57.23
55.71
61.98
54.59
59.19
60.26
64.27
71.25
62.77
71.83
57.89
66.77
50.12
60.51
57.58
55.76
73.97
85.14
78.55
81.69
52.32
53.84
89
54.88
67.94
76.01
57.85
47.6
73.51
63.08
66.46
58.35
35.44
41.1
37.64
38.96
42.57
74.92
46.58
70.99
76.14
44.29
50.53
129.6
52.09
42.28
57.89
43
73.72
54.43
57.76
45.85
51.46
65.31
37.66
54.31
77.89
55.53
55.55
67.91
87.81
82.59
85.2
98.21
75.1
75.41
67.78
65.09
61.71
63.11
66.32
55.88
53.17
64.93
66.85
57.51
50.66
61.13
60.61
64.11
72.64
64.5
73.74
60.95
66.02
57.62
95.89
73.99
61.53
62.92
70.17
70.58
59.2
73.24
65.44
62.79
58.18
145.23
60.2
74.68
65.33
75.68
73.08
48.14
63.2
47.66
0
40.35
0
60.2
37.59
45.25
0
51.55
47.09
35.09
0
41.84
0
0
93.88
48.44
80.76
95.04
0
79.58
74.45
57.94
62.66
72.25
53.03
65.2
87.4
73.99
110.15
68.47
70.43
78.67
72.97
94.59
65.2
62.04
61.79
59.85
51.92
61.46
45.76
67.36
56.46
59.24
112.06
85.85
0
0
0
0
85.1
79.44
88.86
58.31
61.89
78.26
67.66
59.14
79.01
65.32
95.04
65.36
56.62
100.75
36.23
50.83
75.51
66.36
94.54
53.72
58.77
46.53
74.14
59.2
37.8
59.6
46.68
42.41
0
59.6
44.7
37.83
78.5
43.71
39.78
0
74.69
39.52
94.53
57.81
59.76
57.86
72.06
57.38
14.97
0
19.88
68.57
65.34
109.27
78.04
141.31
140.5
147.66
152.49
141.55
142.34
76.27
71.36
60.2
51.78
55.49
75.1
63.02
76.71
81.01
76.85
70.85
68.73
93.31
77.57
79.78
64.57
62.82
55.51
78.04
74.43
90.19
56.2
69.84
61.47
78.21
71.9
70.49
54.73
49.56
71.34
65.48
67.28
79.27
0
56.07
32.25
84
0
0
59.24
59.43
45.7
45.34
121.16
54.47
0
91.74
0
0
44.93
11
54.07
45.65
42.17
93.5
54.33
51.96
44.47
44.35
43.37
39
73.32
60.51
49.07
65.1
78.61
91.12
73.68
69.42
66.83
72.15
70.3
101.07
70.1
70.18
55.31
64.06
54.81
72.35
76.89
117.43
79.16
52.68
60.43
79.64
86.43
71.19
66.86
72.75
71.52
72.03
65.44
73.41
93.63
63.15
70.38
54.3
56.23
87.75
68.37
64.1
54.89
74.3
52.91
50.4
357.05
64.01
58.27
52.52
0
42.05
52.26
59.61
40.03
0
30.31
0
0
0
51.25
47.77
50.52
47.66
0
56.49
69.42
54.2
72.48
53.38
45.24
43.74
48.09
56.39
54.17
65.04
72.16
133.58
108.33
84.31
87.36
66.51
53.21
64.87
76.01
70.69
65.93
61.6
44.09
65.24
45.44
51.9
62.47
73.59
64.32
52.28
70.19
48.46
63.73
90.64
71.7
53.86
69.77
61.9
76.76
58.04
53.69
65.4
48.66
60.41
85.12
67.14
65.93
52.66
72.69
42.64
64.07
53.83
39.55
69.05
50.18
55.83
50.9
79.21
42.27
